13026.495489540
13026.487209510
13026.477950880
13026.468735740
13026.459576150
13026.450466440
13026.441393530
13026.432359180
13026.423387350
13026.414476300
13026.405632150
13026.396831500
13026.388071170
13026.379346250
13026.370679590
13026.362060780
13026.353485420
13026.344958560
13026.336478090
13026.328033930
13026.319619950
13026.311241640
13026.302916540
13026.294642220
13026.286419990
13026.278242100
13026.270092700
13026.261970300
13026.253875310
13026.245812990
13026.237777280
13026.229785910
13026.221832900
13026.213913870
13026.206023400
13026.198164250
13026.190333160
13026.182540600
13026.174787180
13026.167077580
13026.159402040
13026.151760630
13026.144167230
13026.136606820
13026.129073600
13026.121580320
13026.114125790
13026.106702960
13026.099309540
13026.091945170
13026.084616550
13026.077309990
13026.070024440
13026.062764600
13026.055534920
13026.048341210
13026.041180440
13026.034057750
13026.026972990
13026.019901790
13026.012866850
13026.005864430
13025.998898020
13025.991941650
13025.985010340
13025.978104390
13025.971223200
13025.964374070
13025.957553440
13025.950759350
13025.943991410
13025.937259980
13025.930554670
13025.923896180
13025.917267940
13025.910668780
13025.904076270
13025.897491710
13025.890936570
13025.884392390
13025.877866640
13025.871376140
13025.864907880
13025.858465600
13025.852050710
13025.845664150
13025.839291470
13025.832964550
13025.826665210
13025.820387270
13025.814134840
13025.807922600
13025.801731390
13025.795571340
13025.789434710
13025.783315470
13025.777227670
13025.771171270
13025.765136170
13025.759117360
13025.753120680
13025.747159110
13025.741203720
13025.735264360
13025.729349760
13025.723475430
13025.717632760
13025.711809740
13025.706006690
13025.700248900
13025.694505560
13025.688791950
13025.683116640
13025.677461330
13025.671827000
13025.666205390
13025.660609540
13025.655048300
13025.649510270
13025.643996050
13025.638509240
13025.633061000
13025.627621000
13025.622195100
13025.616786360
13025.611383850
13025.606012820
13025.600661850
13025.595338340
13025.590053000
13025.584777740
13025.579542760
13025.574311810
13025.569093210
13025.563903420
13025.558729450
13025.553579570
13025.548460420
13025.543349400
13025.538284140
13025.533247020
13025.528229490
13025.523235010
13025.518257710
13025.513300180
13025.508351880
13025.503430070
13025.498525460
13025.493644170
13025.488769560
13025.483923610
13025.479116740
13025.474340740
13025.469577890
13025.464825420
13025.460087330
13025.455366270
13025.450666620
13025.445993380
13025.441325470
13025.436673810
13025.432045050
13025.427440190
13025.422849160
13025.418276100
13025.413714790
13025.409173920
13025.404658570
13025.400166290
13025.395694990
13025.391237090
13025.386793440
13025.382363130
13025.377946580
13025.373547320
13025.369167930
13025.364800670
13025.360451290
13025.356132970
13025.351842850
13025.347555430
13025.343281750
13025.339018970
13025.334774820
13025.330554720
13025.326362710
13025.322168480
13025.317990450
13025.313843110
13025.309710890
13025.305595370
13025.301484650
13025.297399750
13025.293349000
13025.289317180
13025.285302610
13025.281302250
13025.277334840
13025.273369530
13025.269423900
13025.265483890
13025.261562740
13025.257656910
13025.253759430
13025.249867840
13025.245975220
13025.242077600
13025.238209910
13025.234336920
13025.230483920
13025.226650630
13025.222834930
13025.219008190
13025.215199040
13025.211389940
13025.207605860
13025.203837650
13025.200092740
13025.196389040
13025.192696580
13025.189008570
13025.185325780
13025.181654070
13025.177997300
13025.174353360
13025.170729930
13025.167120820
13025.163518650
13025.159919940
13025.156337410
13025.152771080
13025.149215760
13025.145665700
13025.142135480
13025.138623080
13025.135123010
13025.131630860
13025.128146370
13025.124680670
13025.121229350
13025.117797530
13025.114373820
13025.110957610
13025.107548670
13025.104152440
13025.100764300
13025.097398650
13025.094044610
13025.090698030
13025.087380740
13025.083578530
13025.080269950
13025.076980360
13025.073687220
13025.070416940
13025.067153890
13025.063900780
13025.060662840
13025.057434970
13025.054215570
13025.051005740
13025.047809860
13025.044639080
13025.041472970
13025.038327210
13025.035201760
13025.032097520
13025.029003490
13025.025913450
13025.022828590
13025.019760870
13025.016687690
13025.013632320
13025.010570570
13025.007532070
13025.004502540
13025.001491830
13024.998493080
13024.995505850
13024.992524080
13024.989549930
13024.986582170
13024.983631980
13024.980696680
13024.977763620
13024.974849330
13024.971966580
13024.969083510
13024.966210730
13024.963349830
13024.960496770
13024.957667510
13024.954853130
13024.952038170
13024.949238990
13024.946451260
13024.943667520
13024.940904160
13024.938163520
13024.935434840
13024.932704200
13024.929990080
13024.927283490
13024.924578960
13024.921886680
13024.919206180
13024.916539080
13024.913879380
13024.911225300
13024.908584780
13024.905948320
13024.903320720
13024.900705790
13024.898097130
13024.895498150
13024.892906560
13024.890328320
13024.887762130
13024.885206310
13024.882654470
13024.880116120
13024.877602370
13024.875077780
13024.872577100
13024.870079540
13024.867595970
13024.865120420
13024.862654260
13024.860189930
13024.857741480
13024.855297240
13024.852861680
13024.850448690
13024.848046520
13024.845645180
13024.843271110
13024.840897650
13024.838546200
13024.836199650
13024.833844330
13024.831505630
13024.829184660
13024.826874510
13024.824574810
13024.822282320
13024.819992590
13024.817700350
13024.815412110
13024.813144460
13024.810882500
13024.808644450
13024.806411570
13024.804190580
13024.801970090
13024.799755050
13024.797543390
13024.795336070
13024.793132820
13024.790934920
13024.788737740
13024.786566270
13024.784395320
13024.782223770
13024.780054000
13024.777891560
13024.775738560
13024.773609470
13024.771479260
13024.769339610
13024.767225230
13024.765127590
13024.763028850
13024.760952330
13024.758882970
13024.756817160
13024.754756230
13024.752709450
13024.750673400
13024.748749770
13024.746725200
13024.744693240
13024.742671800
13024.740660280
13024.738654430
13024.736662910
13024.734673370
13024.732684330
13024.730713490
13024.728743680
13024.726796740
13024.724849130
13024.722902630
13024.720968900
13024.719051180
13024.717126510
13024.715227670
13024.713335740
13024.711449790
13024.709548230
13024.707656980
13024.705759650
13024.703879620
13024.702007950
13024.700148180
13024.698295830
13024.696449310
13024.694620400
13024.692790190
13024.690979060
13024.689178990
13024.687394540
13024.685620720
13024.683848110
13024.682090980
13024.680330300
13024.678570010
13024.676826450
13024.675091250
13024.673360070
13024.671647000
13024.669926320
13024.668219010
13024.666513240
13024.664815390
13024.663113480
13024.661417950
13024.659732240
13024.658057880
13024.656387890
13024.654715280
13024.653048310
13024.651376560
13024.649720550
13024.648061070
13024.646411930
13024.644767200
13024.643134630
13024.641509910
13024.639889150
13024.638268380
13024.636670780
13024.635066810
13024.633464350
13024.631879110
13024.630302240
13024.628729140
13024.627166030
13024.625612520
13024.624069760
13024.622533400
13024.620987330
13024.619463630
13024.617950400
13024.616428420
13024.614913060
13024.613387900
13024.611882100
13024.610378550
13024.608872510
13024.607372970
13024.605875660
13024.604382280
13024.602886670
13024.601407360
13024.599924420
13024.598449100
13024.596971990
13024.595511620
13024.594050300
13024.592606990
13024.591153600
13024.589706240
13024.588269120
13024.586837560
13024.585421730
13024.584000100
13024.582588540
13024.581197840
13024.579801120
13024.578416240
13024.577041060
13024.575676030
13024.574318670
13024.572961290
13024.571605380
13024.570259370
13024.568921640
13024.567587120
13024.566255460
13024.564934540
13024.563627120
13024.562325480
13024.561032320
13024.559745380
13024.558483370
13024.557207730
13024.555944840
13024.554703090
13024.553391530
13024.552148600
13024.550903940
13024.549660450
13024.548412010
13024.547181630
13024.545956200
13024.544738910
13024.543513990
13024.542309250
13024.541109540
13024.539913160
13024.538730600
13024.537562140
13024.536392780
13024.535218720
13024.534051390
13024.532891540
13024.531732870
13024.530592120
13024.529447610
13024.528322720
13024.527195440
13024.526088000
13024.524983250
13024.523883580
13024.522783280
13024.521694730
13024.520588120
13024.519503560
13024.518423240
13024.517340480
13024.516275380
13024.515207340
13024.514143030
13024.513083900
13024.512032410
13024.510994140
13024.509961510
13024.508934430
13024.507914500
13024.506887910
13024.505860390
13024.504843050
13024.503843160
13024.502833840
13024.501817300
13024.500800880
13024.499800120
13024.498797720
13024.497793000
13024.496783480
13024.495777170
13024.494770020
13024.493759010
13024.492756040
13024.491766530
13024.490780950
13024.489804950
13024.488825260
13024.487858490
13024.486892410
13024.485939030
13024.484992600
13024.484061150
13024.483133880
13024.482221860
13024.481312250
13024.480397200
13024.479483720
13024.478600220
13024.477713820
13024.476827580
13024.475938680
13024.475063420
13024.474188760
13024.473308200
13024.472446620
13024.471605230
13024.470752750
13024.469906590
13024.469069120
13024.468235880
13024.467417370
13024.466605490
13024.465808630
13024.465010670
13024.464236160
13024.463457900
13024.462688430
13024.461925440
13024.461153290
13024.460392120
13024.459640020
13024.458882040
13024.458146930
13024.457383900
13024.456630470
13024.455870150
13024.455118260
